Coords

1    -5.4 -1.3 -0.2
2    -4.0 -1.8 -1.9
3    1.9 -2.5 1.4
4    3.3 -2.8 0.8
5    0.8 -2.3 0.3
6    3.9 -1.8 -0.1
7    -0.6 -2.0 0.8
8    0.3 2.5 -0.4
9    -0.2 3.5 0.6
10    1.9 2.5 -0.4
11    4.1 -0.4 0.5
12    -1.7 -2.0 -0.3
13    -1.7 3.6 0.5
14    2.5 1.4 -1.3
15    4.7 0.6 -0.4
16    -2.5 2.4 1.0
17    4.0 1.4 -1.2
18    -3.1 -1.7 0.3
19    -4.0 2.5 0.9
20    -4.1 -1.6 -0.8
21    1.9 -1.6 1.9
22    1.6 -3.3 2.0
23    3.9 -3.0 1.7
24    3.2 -3.8 0.3
25    0.8 -3.3 -0.3
26    1.1 -1.5 -0.4
27    3.3 -1.7 -1.0
28    4.9 -2.2 -0.4
29    -0.9 -2.8 1.6
30    -0.6 -1.1 1.3
31    -0.0 2.7 -1.4
32    -0.0 1.5 -0.1
33    0.2 4.5 0.3
34    0.1 3.3 1.6
35    2.2 3.4 -0.7
36    2.2 2.3 0.7
37    4.7 -0.5 1.4
38    3.1 -0.0 0.9
39    -1.4 -1.2 -1.0
40    -1.7 -2.9 -0.8
41    -2.1 3.9 -0.5
42    -2.1 4.5 1.2
43    2.0 0.4 -1.1
44    2.2 1.6 -2.3
45    5.8 0.6 -0.5
46    -2.2 1.5 0.3
47    -2.2 2.1 2.0
48    4.5 2.0 -1.9
49    -3.0 -0.7 0.8
50    -3.3 -2.4 1.0
51    -4.3 2.7 -0.1
52    -4.3 3.3 1.6
53    -4.5 1.6 1.2
54    -6.1 -1.3 -0.9

Types

1    1
2    2
3    3
4    3
5    3
6    3
7    3
8    3
9    3
10    3
11    3
12    3
13    3
14    3
15    4
16    3
17    4
18    3
19    3
20    4
21    5
22    5
23    5
24    5
25    5
26    5
27    5
28    5
29    5
30    5
31    5
32    5
33    5
34    5
35    5
36    5
37    5
38    5
39    5
40    5
41    5
42    5
43    5
44    5
45    5
46    5
47    5
48    5
49    5
50    5
51    5
52    5
53    5
54    6

Charges

1    -0.4806
2    -0.251
3    -0.053
4    -0.0528
5    -0.053
6    -0.0496
7    -0.0526
8    -0.0528
9    -0.0531
10    -0.0496
11    -0.0348
12    -0.043
13    -0.0533
14    -0.0348
15    -0.0879
16    -0.0559
17    -0.0879
18    0.0448
19    -0.0653
20    0.3047
21    0.0265
22    0.0265
23    0.0265
24    0.0265
25    0.0265
26    0.0265
27    0.0268
28    0.0268
29    0.0265
30    0.0265
31    0.0265
32    0.0265
33    0.0265
34    0.0265
35    0.0268
36    0.0268
37    0.0307
38    0.0307
39    0.027
40    0.027
41    0.0265
42    0.0265
43    0.0307
44    0.0307
45    0.0569
46    0.0263
47    0.0263
48    0.0569
49    0.0377
50    0.0377
51    0.023
52    0.023
53    0.023
54    0.2951

Bonds

1 11 1 20
2 12 1 54
3 7 2 20
4 1 3 4
5 1 3 5
6 2 3 21
7 2 3 22
8 1 4 6
9 2 4 23
10 2 4 24
11 1 5 7
12 2 5 25
13 2 5 26
14 1 6 11
15 2 6 27
16 2 6 28
17 1 7 12
18 2 7 29
19 2 7 30
20 1 8 9
21 1 8 10
22 2 8 31
23 2 8 32
24 1 9 13
25 2 9 33
26 2 9 34
27 1 10 14
28 2 10 35
29 2 10 36
30 13 11 15
31 2 11 37
32 2 11 38
33 1 12 18
34 2 12 39
35 2 12 40
36 1 13 16
37 2 13 41
38 2 13 42
39 13 14 17
40 2 14 43
41 2 14 44
42 5 15 17
43 6 15 45
44 1 16 19
45 2 16 46
46 2 16 47
47 6 17 48
48 13 18 20
49 2 18 49
50 2 18 50
51 2 19 51
52 2 19 52
53 2 19 53

Angles

1 3 2 20 1
2 1 5 3 4
3 1 6 4 3
4 1 6 11 37
5 1 6 11 38
6 1 7 5 3
7 1 7 12 39
8 1 7 12 40
9 1 8 9 33
10 1 8 9 34
11 1 8 10 35
12 1 8 10 36
13 1 9 8 32
14 1 9 13 41
15 1 9 13 42
16 1 10 8 9
17 1 10 8 32
18 1 10 14 43
19 1 10 14 44
20 1 11 6 4
21 3 11 15 45
22 1 12 7 5
23 1 12 18 49
24 1 12 18 50
25 1 13 9 8
26 1 13 9 33
27 1 13 9 34
28 1 13 16 46
29 1 13 16 47
30 1 14 10 8
31 1 14 10 35
32 1 14 10 36
33 3 14 17 48
34 1 15 11 6
35 1 15 11 37
36 1 15 11 38
37 3 15 17 14
38 3 15 17 48
39 1 16 13 9
40 1 16 13 41
41 1 16 13 42
42 1 16 19 51
43 1 16 19 52
44 1 16 19 53
45 1 17 14 10
46 1 17 14 43
47 1 17 14 44
48 3 17 15 11
49 3 17 15 45
50 1 18 12 7
51 1 18 12 39
52 1 18 12 40
53 3 18 20 1
54 3 18 20 2
55 1 19 16 13
56 1 19 16 46
57 1 19 16 47
58 5 20 1 54
59 1 20 18 12
60 1 20 18 49
61 1 20 18 50
62 1 21 3 4
63 1 21 3 5
64 1 22 3 4
65 1 22 3 5
66 1 22 3 21
67 1 23 4 3
68 1 23 4 6
69 1 24 4 3
70 1 24 4 6
71 1 24 4 23
72 1 25 5 3
73 1 25 5 7
74 1 26 5 3
75 1 26 5 7
76 1 26 5 25
77 1 27 6 4
78 1 27 6 11
79 1 28 6 4
80 1 28 6 11
81 1 28 6 27
82 1 29 7 5
83 1 29 7 12
84 1 30 7 5
85 1 30 7 12
86 1 30 7 29
87 1 31 8 9
88 1 31 8 10
89 1 31 8 32
90 1 34 9 33
91 1 36 10 35
92 1 38 11 37
93 1 40 12 39
94 1 42 13 41
95 1 44 14 43
96 1 47 16 46
97 1 50 18 49
98 1 52 19 51
99 1 53 19 51
100 1 53 19 52

Dihedrals

1 3 1 20 18 49
2 3 1 20 18 50
3 9 2 20 1 54
4 2 2 20 18 49
5 2 2 20 18 50
6 4 4 6 11 37
7 4 4 6 11 38
8 4 5 7 12 39
9 4 5 7 12 40
10 4 6 4 3 5
11 5 6 11 15 45
12 4 7 5 3 4
13 4 7 12 18 49
14 4 7 12 18 50
15 4 8 9 13 41
16 4 8 9 13 42
17 4 8 10 14 43
18 4 8 10 14 44
19 4 9 8 10 35
20 4 9 8 10 36
21 4 9 13 16 46
22 4 9 13 16 47
23 4 10 8 9 33
24 4 10 8 9 34
25 5 10 14 17 48
26 4 11 6 4 3
27 6 11 15 17 48
28 4 12 7 5 3
29 3 12 18 20 1
30 2 12 18 20 2
31 4 13 9 8 10
32 4 13 9 8 32
33 4 13 16 19 51
34 4 13 16 19 52
35 4 13 16 19 53
36 4 14 10 8 9
37 4 14 10 8 32
38 6 14 17 15 11
39 6 14 17 15 45
40 4 15 11 6 4
41 1 15 17 14 10
42 1 15 17 14 43
43 1 15 17 14 44
44 4 16 13 9 8
45 4 16 13 9 33
46 4 16 13 9 34
47 4 17 14 10 8
48 4 17 14 10 35
49 4 17 14 10 36
50 1 17 15 11 6
51 1 17 15 11 37
52 1 17 15 11 38
53 4 18 12 7 5
54 9 18 20 1 54
55 4 19 16 13 9
56 4 19 16 13 41
57 4 19 16 13 42
58 4 20 18 12 7
59 4 20 18 12 39
60 4 20 18 12 40
61 4 21 3 4 6
62 4 21 3 5 7
63 4 22 3 4 6
64 4 22 3 5 7
65 4 23 4 3 5
66 4 23 4 3 21
67 4 23 4 3 22
68 4 23 4 6 11
69 4 24 4 3 5
70 4 24 4 3 21
71 4 24 4 3 22
72 4 24 4 6 11
73 4 25 5 3 4
74 4 25 5 3 21
75 4 25 5 3 22
76 4 25 5 7 12
77 4 26 5 3 4
78 4 26 5 3 21
79 4 26 5 3 22
80 4 26 5 7 12
81 4 27 6 4 3
82 4 27 6 4 23
83 4 27 6 4 24
84 4 27 6 11 15
85 4 27 6 11 37
86 4 27 6 11 38
87 4 28 6 4 3
88 4 28 6 4 23
89 4 28 6 4 24
90 4 28 6 11 15
91 4 28 6 11 37
92 4 28 6 11 38
93 4 29 7 5 3
94 4 29 7 5 25
95 4 29 7 5 26
96 4 29 7 12 18
97 4 29 7 12 39
98 4 29 7 12 40
99 4 30 7 5 3
100 4 30 7 5 25
101 4 30 7 5 26
102 4 30 7 12 18
103 4 30 7 12 39
104 4 30 7 12 40
105 4 31 8 9 13
106 4 31 8 9 33
107 4 31 8 9 34
108 4 31 8 10 14
109 4 31 8 10 35
110 4 31 8 10 36
111 4 33 9 8 32
112 4 34 9 8 32
113 4 35 10 8 32
114 4 36 10 8 32
115 4 41 13 9 33
116 4 41 13 9 34
117 4 42 13 9 33
118 4 42 13 9 34
119 4 43 14 10 35
120 4 43 14 10 36
121 4 44 14 10 35
122 4 44 14 10 36
123 5 45 15 11 37
124 5 45 15 11 38
125 4 46 16 13 41
126 4 46 16 13 42
127 4 47 16 13 41
128 4 47 16 13 42
129 5 48 17 14 43
130 5 48 17 14 44
131 6 48 17 15 45
132 4 49 18 12 39
133 4 49 18 12 40
134 4 50 18 12 39
135 4 50 18 12 40
136 4 51 19 16 46
137 4 51 19 16 47
138 4 52 19 16 46
139 4 52 19 16 47
140 4 53 19 16 46
141 4 53 19 16 47

Impropers

1 1 15 11 17 45
2 1 15 45 11 17
3 1 15 17 45 11
4 1 17 14 15 48
5 1 17 48 14 15
6 1 17 15 48 14
7 1 20 1 2 18
8 1 20 18 1 2
9 1 20 2 18 1

Special Bond Counts

1    2 2 3
2    1 2 4
3    4 6 6
4    4 6 6
5    4 6 6
6    4 6 5
7    4 6 6
8    4 6 6
9    4 6 6
10    4 6 5
11    4 5 5
12    4 6 5
13    4 6 6
14    4 5 5
15    3 5 6
16    4 6 3
17    3 5 6
18    4 5 4
19    4 3 3
20    3 4 3
21    1 3 6
22    1 3 6
23    1 3 6
24    1 3 6
25    1 3 6
26    1 3 6
27    1 3 6
28    1 3 6
29    1 3 6
30    1 3 6
31    1 3 6
32    1 3 6
33    1 3 6
34    1 3 6
35    1 3 6
36    1 3 6
37    1 3 5
38    1 3 5
39    1 3 6
40    1 3 6
41    1 3 6
42    1 3 6
43    1 3 5
44    1 3 5
45    1 2 5
46    1 3 6
47    1 3 6
48    1 2 5
49    1 3 5
50    1 3 5
51    1 3 3
52    1 3 3
53    1 3 3
54    1 1 2

Special Bonds

1    49 2 18 20 50 54 12
2    1 18 49 20 50 54 12
3    4 5 6 7 11 12 21 22 23 24 25 26 27 28 29 30
4    3 5 6 7 11 15 21 22 23 24 25 26 27 28 37 38
5    3 4 6 7 12 18 21 22 23 24 25 26 29 30 39 40
6    3 4 37 38 5 11 45 15 17 21 22 23 24 27 28
7    3 4 5 12 18 20 21 22 25 26 29 30 39 40 49 50
8    9 10 13 14 16 17 31 32 33 34 35 36 41 42 43 44
9    8 10 13 14 16 19 31 32 33 34 35 36 41 42 46 47
10    32 33 34 35 36 8 9 43 44 13 14 15 48 17 31
11    3 4 37 38 6 45 14 15 48 17 23 24 27 28
12    1 2 3 5 39 40 7 49 18 50 20 25 26 29 30
13    8 9 10 16 19 31 32 33 34 41 42 46 47 51 52 53
14    32 35 36 8 9 10 43 44 11 45 15 48 17 31
15    4 37 38 6 10 11 43 45 14 44 48 17 27 28
16    33 34 8 9 42 41 13 46 47 19 51 52 53
17    35 36 37 6 38 8 10 11 43 44 14 15 48 45
18    1 2 5 39 40 7 12 49 50 20 54 29 30
19    9 42 41 13 46 47 16 51 52 53
20    1 2 39 40 7 12 49 18 50 54
21    3 4 5 6 7 22 23 24 25 26
22    3 4 5 6 7 21 23 24 25 26
23    3 4 5 6 11 21 22 24 27 28
24    3 4 5 6 11 21 22 23 27 28
25    3 4 5 7 12 21 22 26 29 30
26    3 4 5 7 12 21 22 25 29 30
27    3 4 37 6 38 11 15 23 24 28
28    3 4 37 6 38 11 15 23 24 27
29    3 5 7 39 40 12 18 25 26 30
30    3 5 7 39 40 12 18 25 26 29
31    32 33 34 35 36 8 9 10 13 14
32    33 34 35 36 8 9 10 13 14 31
33    32 34 8 9 41 10 42 13 16 31
34    32 33 8 9 41 10 42 13 16 31
35    32 36 8 9 10 43 44 14 17 31
36    32 35 8 9 10 43 44 14 17 31
37    4 38 6 11 45 15 17 27 28
38    4 37 6 11 45 15 17 27 28
39    5 7 40 12 49 18 50 20 29 30
40    5 7 39 12 49 18 50 20 29 30
41    33 34 8 9 42 13 46 47 16 19
42    33 34 8 9 41 13 46 47 16 19
43    35 36 8 10 44 14 15 48 17
44    35 36 8 10 43 14 15 48 17
45    37 38 6 11 14 15 48 17
46    9 42 41 13 47 16 19 51 52 53
47    9 42 41 13 46 16 19 51 52 53
48    10 43 11 44 14 15 45 17
49    1 2 39 40 7 12 18 50 20
50    1 2 39 40 7 12 49 18 20
51    16 19 52 53 13 46 47
52    16 51 19 53 13 46 47
53    16 51 19 52 13 46 47
54    1 2 18 20
