#Created by /home/rramji/scripts/createLammpsInput.pl on Thu Jan 26 11:42:38 2023

          54 atoms
          53 bonds
         100 angles
         141 dihedrals
           9 impropers
Coords

1    -0.5 -5.4 -1.3
2    -0.3 -4.0 -1.8
3    -0.1 1.9 -2.5
4    -0.1 3.3 -2.8
5    -0.1 0.8 -2.3
6    -0.0 3.9 -1.8
7    -0.1 -0.6 -2.0
8    -0.1 0.3 2.5
9    -0.1 -0.2 3.5
10    -0.0 1.9 2.5
11    -0.0 4.1 -0.4
12    -0.0 -1.7 -2.0
13    -0.1 -1.7 3.6
14    -0.0 2.5 1.4
15    -0.1 4.7 0.6
16    -0.1 -2.5 2.4
17    -0.1 4.0 1.4
18    0.0 -3.1 -1.7
19    -0.1 -4.0 2.5
20    0.3 -4.1 -1.6
21    0.0 1.9 -1.6
22    0.0 1.6 -3.3
23    0.0 3.9 -3.0
24    0.0 3.2 -3.8
25    0.0 0.8 -3.3
26    0.0 1.1 -1.5
27    0.0 3.3 -1.7
28    0.0 4.9 -2.2
29    0.0 -0.9 -2.8
30    0.0 -0.6 -1.1
31    0.0 -0.0 2.7
32    0.0 -0.0 1.5
33    0.0 0.2 4.5
34    0.0 0.1 3.3
35    0.0 2.2 3.4
36    0.0 2.2 2.3
37    0.0 4.7 -0.5
38    0.0 3.1 -0.0
39    0.0 -1.4 -1.2
40    0.0 -1.7 -2.9
41    0.0 -2.1 3.9
42    0.0 -2.1 4.5
43    0.0 2.0 0.4
44    0.0 2.2 1.6
45    0.1 5.8 0.6
46    0.0 -2.2 1.5
47    0.0 -2.2 2.1
48    0.1 4.5 2.0
49    0.0 -3.0 -0.7
50    0.0 -3.3 -2.4
51    0.0 -4.3 2.7
52    0.0 -4.3 3.3
53    0.0 -4.5 1.6
54    0.3 -6.1 -1.3

Types

1    1
2    2
3    3
4    3
5    3
6    3
7    3
8    3
9    3
10    3
11    3
12    3
13    3
14    3
15    4
16    3
17    4
18    3
19    3
20    4
21    5
22    5
23    5
24    5
25    5
26    5
27    5
28    5
29    5
30    5
31    5
32    5
33    5
34    5
35    5
36    5
37    5
38    5
39    5
40    5
41    5
42    5
43    5
44    5
45    5
46    5
47    5
48    5
49    5
50    5
51    5
52    5
53    5
54    6

Charges

1    -0.207
2    -1.949
3    1.3515
4    0.8025
5    0.2626
6    -0.123
7    0.815
8    -0.3937
9    0.565
10    -0.3679
11    0.5245
12    -0.2704
13    0.5282
14    -1.2914
15    -0.4333
16    0.9728
17    -1.2426
18    0.3014
19    0.9064
20    -0.7515
21    1.9463
22    2.0456
23    1.6539
24    0.2666
25    -0.3123
26    -0.4407
27    -1.0452
28    -0.4249
29    1.5512
30    1.3486
31    -1.4133
32    -0.1162
33    0.3083
34    1.5887
35    -0.6587
36    0.6618
37    1.4071
38    0.8927
39    -1.0153
40    -0.8011
41    -0.4878
42    1.18
43    -1.0633
44    -2.3265
45    -0.4697
46    0.328
47    1.9957
48    -1.8984
49    0.8103
50    1.0297
51    -0.1152
52    1.5575
53    1.2306
54    -0.886


Bonds

       1        1        1       20 
       2        2        1       54 
       3        3        2       20 
       4        4        3        4 
       5        4        3        5 
       6        5        3       21 
       7        5        3       22 
       8        4        4        6 
       9        5        4       23 
      10        5        4       24 
      11        4        5        7 
      12        5        5       25 
      13        5        5       26 
      14        4        6       11 
      15        5        6       27 
      16        5        6       28 
      17        4        7       12 
      18        5        7       29 
      19        5        7       30 
      20        4        8        9 
      21        4        8       10 
      22        5        8       31 
      23        5        8       32 
      24        4        9       13 
      25        5        9       33 
      26        5        9       34 
      27        4       10       14 
      28        5       10       35 
      29        5       10       36 
      30        6       11       15 
      31        5       11       37 
      32        5       11       38 
      33        4       12       18 
      34        5       12       39 
      35        5       12       40 
      36        4       13       16 
      37        5       13       41 
      38        5       13       42 
      39        6       14       17 
      40        5       14       43 
      41        5       14       44 
      42        7       15       17 
      43        8       15       45 
      44        4       16       19 
      45        5       16       46 
      46        5       16       47 
      47        8       17       48 
      48        6       18       20 
      49        5       18       49 
      50        5       18       50 
      51        5       19       51 
      52        5       19       52 
      53        5       19       53 

Angles

       1        1        2       20        1 
       2        1        2       20       18 
       3        2        3        4       23 
       4        2        3        4       24 
       5        2        3        5       25 
       6        2        3        5       26 
       7        2        4        3       21 
       8        2        4        3       22 
       9        2        4        6       11 
      10        2        4        6       27 
      11        2        4        6       28 
      12        2        5        3        4 
      13        2        5        3       21 
      14        2        5        3       22 
      15        2        5        7       12 
      16        2        5        7       29 
      17        2        5        7       30 
      18        2        6        4        3 
      19        2        6        4       23 
      20        2        6        4       24 
      21        2        6       11       15 
      22        2        6       11       37 
      23        2        6       11       38 
      24        2        7        5        3 
      25        2        7        5       25 
      26        2        7        5       26 
      27        2        7       12       18 
      28        2        7       12       39 
      29        2        7       12       40 
      30        2        8        9       13 
      31        2        8        9       33 
      32        2        8        9       34 
      33        2        8       10       14 
      34        2        8       10       35 
      35        2        8       10       36 
      36        2        9        8       10 
      37        2        9        8       31 
      38        2        9        8       32 
      39        2        9       13       16 
      40        2        9       13       41 
      41        2        9       13       42 
      42        1       15       17       14 
      43        2       17       14       10 
      44        1       17       15       11 
      45        1       18       20        1 
      46        2       19       16       13 
      47        2       20       18       12 
      48        2       22        3       21 
      49        2       24        4       23 
      50        2       26        5       25 
      51        2       27        6       11 
      52        2       28        6       11 
      53        2       28        6       27 
      54        2       29        7       12 
      55        2       30        7       12 
      56        2       30        7       29 
      57        2       31        8       10 
      58        2       32        8       10 
      59        2       32        8       31 
      60        2       33        9       13 
      61        2       34        9       13 
      62        2       34        9       33 
      63        2       35       10       14 
      64        2       36       10       14 
      65        2       36       10       35 
      66        2       37       11       15 
      67        2       38       11       15 
      68        2       38       11       37 
      69        2       39       12       18 
      70        2       40       12       18 
      71        2       40       12       39 
      72        2       41       13       16 
      73        2       42       13       16 
      74        2       42       13       41 
      75        2       43       14       10 
      76        2       43       14       17 
      77        2       44       14       10 
      78        2       44       14       17 
      79        2       44       14       43 
      80        1       45       15       11 
      81        1       45       15       17 
      82        2       46       16       13 
      83        2       46       16       19 
      84        2       47       16       13 
      85        2       47       16       19 
      86        2       47       16       46 
      87        1       48       17       14 
      88        1       48       17       15 
      89        2       49       18       12 
      90        2       49       18       20 
      91        2       50       18       12 
      92        2       50       18       20 
      93        2       50       18       49 
      94        2       51       19       16 
      95        2       52       19       16 
      96        2       52       19       51 
      97        2       53       19       16 
      98        2       53       19       51 
      99        2       53       19       52 
     100        3       54        1       20 

Dihedrals

       1        2        2       20       18       12 
       2        4        3        4        6       11 
       3        4        3        4        6       27 
       4        4        3        4        6       28 
       5        4        3        5        7       12 
       6        4        3        5        7       29 
       7        4        3        5        7       30 
       8        4        4        3        5       25 
       9        4        4        3        5       26 
      10        4        4        6       11       15 
      11        4        4        6       11       37 
      12        4        4        6       11       38 
      13        4        5        3        4       23 
      14        4        5        3        4       24 
      15        4        5        7       12       18 
      16        4        5        7       12       39 
      17        4        5        7       12       40 
      18        4        6        4        3        5 
      19        4        6        4        3       21 
      20        4        6        4        3       22 
      21        1        6       11       15       17 
      22        5        6       11       15       45 
      23        4        7        5        3        4 
      24        4        7        5        3       21 
      25        4        7        5        3       22 
      26        4        7       12       18       20 
      27        4        7       12       18       49 
      28        4        7       12       18       50 
      29        4        8        9       13       16 
      30        4        8        9       13       41 
      31        4        8        9       13       42 
      32        4        8       10       14       17 
      33        4        8       10       14       43 
      34        4        8       10       14       44 
      35        4        9        8       10       14 
      36        4        9        8       10       35 
      37        4        9        8       10       36 
      38        4        9       13       16       19 
      39        4        9       13       16       46 
      40        4        9       13       16       47 
      41        3       12       18       20        1 
      42        4       13        9        8       10 
      43        6       14       17       15       11 
      44        1       15       17       14       10 
      45        4       23        4        3       21 
      46        4       23        4        3       22 
      47        4       23        4        6       11 
      48        4       24        4        3       21 
      49        4       24        4        3       22 
      50        4       24        4        6       11 
      51        4       25        5        3       21 
      52        4       25        5        3       22 
      53        4       25        5        7       12 
      54        4       26        5        3       21 
      55        4       26        5        3       22 
      56        4       26        5        7       12 
      57        4       27        6        4       23 
      58        4       27        6        4       24 
      59        4       27        6       11       15 
      60        4       28        6        4       23 
      61        4       28        6        4       24 
      62        4       28        6       11       15 
      63        4       29        7        5       25 
      64        4       29        7        5       26 
      65        4       29        7       12       18 
      66        4       30        7        5       25 
      67        4       30        7        5       26 
      68        4       30        7       12       18 
      69        4       31        8        9       13 
      70        4       31        8       10       14 
      71        4       32        8        9       13 
      72        4       32        8       10       14 
      73        4       33        9        8       10 
      74        4       33        9        8       31 
      75        4       33        9        8       32 
      76        4       33        9       13       16 
      77        4       34        9        8       10 
      78        4       34        9        8       31 
      79        4       34        9        8       32 
      80        4       34        9       13       16 
      81        4       35       10        8       31 
      82        4       35       10        8       32 
      83        4       35       10       14       17 
      84        4       36       10        8       31 
      85        4       36       10        8       32 
      86        4       36       10       14       17 
      87        4       37       11        6       27 
      88        4       37       11        6       28 
      89        1       37       11       15       17 
      90        4       38       11        6       27 
      91        4       38       11        6       28 
      92        1       38       11       15       17 
      93        4       39       12        7       29 
      94        4       39       12        7       30 
      95        4       39       12       18       20 
      96        4       40       12        7       29 
      97        4       40       12        7       30 
      98        4       40       12       18       20 
      99        4       41       13        9       33 
     100        4       41       13        9       34 
     101        4       41       13       16       19 
     102        4       42       13        9       33 
     103        4       42       13        9       34 
     104        4       42       13       16       19 
     105        4       43       14       10       35 
     106        4       43       14       10       36 
     107        1       43       14       17       15 
     108        4       44       14       10       35 
     109        4       44       14       10       36 
     110        1       44       14       17       15 
     111        5       45       15       11       37 
     112        5       45       15       11       38 
     113        6       45       15       17       14 
     114        4       46       16       13       41 
     115        4       46       16       13       42 
     116        4       47       16       13       41 
     117        4       47       16       13       42 
     118        5       48       17       14       10 
     119        5       48       17       14       43 
     120        5       48       17       14       44 
     121        6       48       17       15       11 
     122        6       48       17       15       45 
     123        4       49       18       12       39 
     124        4       49       18       12       40 
     125        3       49       18       20        1 
     126        2       49       18       20        2 
     127        4       50       18       12       39 
     128        4       50       18       12       40 
     129        3       50       18       20        1 
     130        2       50       18       20        2 
     131        4       51       19       16       13 
     132        4       51       19       16       46 
     133        4       51       19       16       47 
     134        4       52       19       16       13 
     135        4       52       19       16       46 
     136        4       52       19       16       47 
     137        4       53       19       16       13 
     138        4       53       19       16       46 
     139        4       53       19       16       47 
     140        7       54        1       20        2 
     141        7       54        1       20       18 

Impropers

       1        1       15       11       17       45 
       2        1       15       45       11       17 
       3        1       15       17       45       11 
       4        1       17       14       15       48 
       5        1       17       48       14       15 
       6        1       17       15       48       14 
       7        1       20        1        2       18 
       8        1       20       18        1        2 
       9        1       20        2       18        1 

Special Bond Counts

1    2 2 3
2    1 2 4
3    4 6 6
4    4 6 6
5    4 6 6
6    4 6 5
7    4 6 6
8    4 6 6
9    4 6 6
10    4 6 5
11    4 5 5
12    4 6 5
13    4 6 6
14    4 5 5
15    3 5 6
16    4 6 3
17    3 5 6
18    4 5 4
19    4 3 3
20    3 4 3
21    1 3 6
22    1 3 6
23    1 3 6
24    1 3 6
25    1 3 6
26    1 3 6
27    1 3 6
28    1 3 6
29    1 3 6
30    1 3 6
31    1 3 6
32    1 3 6
33    1 3 6
34    1 3 6
35    1 3 6
36    1 3 6
37    1 3 5
38    1 3 5
39    1 3 6
40    1 3 6
41    1 3 6
42    1 3 6
43    1 3 5
44    1 3 5
45    1 2 5
46    1 3 6
47    1 3 6
48    1 2 5
49    1 3 5
50    1 3 5
51    1 3 3
52    1 3 3
53    1 3 3
54    1 1 2

Special Bonds

1    49 2 18 20 50 54 12
2    1 18 49 20 50 54 12
3    4 5 6 7 11 12 21 22 23 24 25 26 27 28 29 30
4    3 5 6 7 11 15 21 22 23 24 25 26 27 28 37 38
5    3 4 6 7 12 18 21 22 23 24 25 26 29 30 39 40
6    3 4 37 38 5 11 45 15 17 21 22 23 24 27 28
7    3 4 5 12 18 20 21 22 25 26 29 30 39 40 49 50
8    9 10 13 14 16 17 31 32 33 34 35 36 41 42 43 44
9    8 10 13 14 16 19 31 32 33 34 35 36 41 42 46 47
10    32 33 34 35 36 8 9 43 44 13 14 15 48 17 31
11    3 4 37 38 6 45 14 15 48 17 23 24 27 28
12    1 2 3 5 39 40 7 49 18 50 20 25 26 29 30
13    8 9 10 16 19 31 32 33 34 41 42 46 47 51 52 53
14    32 35 36 8 9 10 43 44 11 45 15 48 17 31
15    4 37 38 6 10 11 43 45 14 44 48 17 27 28
16    33 34 8 9 42 41 13 46 47 19 51 52 53
17    35 36 37 6 38 8 10 11 43 44 14 15 48 45
18    1 2 5 39 40 7 12 49 50 20 54 29 30
19    9 42 41 13 46 47 16 51 52 53
20    1 2 39 40 7 12 49 18 50 54
21    3 4 5 6 7 22 23 24 25 26
22    3 4 5 6 7 21 23 24 25 26
23    3 4 5 6 11 21 22 24 27 28
24    3 4 5 6 11 21 22 23 27 28
25    3 4 5 7 12 21 22 26 29 30
26    3 4 5 7 12 21 22 25 29 30
27    3 4 37 6 38 11 15 23 24 28
28    3 4 37 6 38 11 15 23 24 27
29    3 5 7 39 40 12 18 25 26 30
30    3 5 7 39 40 12 18 25 26 29
31    32 33 34 35 36 8 9 10 13 14
32    33 34 35 36 8 9 10 13 14 31
33    32 34 8 9 41 10 42 13 16 31
34    32 33 8 9 41 10 42 13 16 31
35    32 36 8 9 10 43 44 14 17 31
36    32 35 8 9 10 43 44 14 17 31
37    4 38 6 11 45 15 17 27 28
38    4 37 6 11 45 15 17 27 28
39    5 7 40 12 49 18 50 20 29 30
40    5 7 39 12 49 18 50 20 29 30
41    33 34 8 9 42 13 46 47 16 19
42    33 34 8 9 41 13 46 47 16 19
43    35 36 8 10 44 14 15 48 17
44    35 36 8 10 43 14 15 48 17
45    37 38 6 11 14 15 48 17
46    9 42 41 13 47 16 19 51 52 53
47    9 42 41 13 46 16 19 51 52 53
48    10 43 11 44 14 15 45 17
49    1 2 39 40 7 12 18 50 20
50    1 2 39 40 7 12 49 18 20
51    16 19 52 53 13 46 47
52    16 51 19 53 13 46 47
53    16 51 19 52 13 46 47
54    1 2 18 20