       1        1        1 -0.48060000   -5.35100   -1.29710   -0.20700    0    0    0
       2        1        2 -0.25100000   -3.98340   -1.79580   -1.94900    0    0    0
       3        1        3 -0.05300000    1.86680   -2.47050    1.35150    0    0    0
       4        1        3 -0.05280000    3.25100   -2.83380    0.80250    0    0    0
       5        1        3 -0.05300000    0.79910   -2.33910    0.26260    0    0    0
       6        1        3 -0.04960000    3.89390   -1.79590   -0.12300    0    0    0
       7        1        3 -0.05260000   -0.59730   -2.03350    0.81500    0    0    0
       8        1        3 -0.05280000    0.33890    2.46670   -0.39370    0    0    0
       9        1        3 -0.05310000   -0.21890    3.52170    0.56500    0    0    0
      10        1        3 -0.04960000    1.87160    2.45050   -0.36790    0    0    0
      11        1        3 -0.03480000    4.05460   -0.41830    0.52450    0    0    0
      12        1        3 -0.04300000   -1.67800   -1.97740   -0.27040    0    0    0
      13        1        3 -0.05330000   -1.74620    3.62970    0.52820    0    0    0
      14        1        3 -0.03480000    2.47550    1.38720   -1.29140    0    0    0
      15        1        4 -0.08790000    4.67990    0.55440   -0.43330    0    0    0
      16        1        3 -0.05590000   -2.45740    2.35080    0.97280    0    0    0
      17        1        4 -0.08790000    3.97560    1.35920   -1.24260    0    0    0
      18        1        3  0.04480000   -3.06030   -1.65760    0.30140    0    0    0
      19        1        3 -0.06530000   -3.96920    2.50560    0.90640    0    0    0
      20        1        4  0.30470000   -4.14510   -1.60680   -0.75150    0    0    0
      21        1        5  0.02650000    1.91340   -1.55220    1.94630    0    0    0
      22        1        5  0.02650000    1.56110   -3.26380    2.04560    0    0    0
      23        1        5  0.02650000    3.92210   -3.00440    1.65390    0    0    0
      24        1        5  0.02650000    3.18600   -3.78880    0.26660    0    0    0
      25        1        5  0.02650000    0.75900   -3.27270   -0.31230    0    0    0
      26        1        5  0.02650000    1.07390   -1.54770   -0.44070    0    0    0
      27        1        5  0.02680000    3.30600   -1.71790   -1.04520    0    0    0
      28        1        5  0.02680000    4.88060   -2.17120   -0.42490    0    0    0
      29        1        5  0.02650000   -0.86920   -2.79990    1.55120    0    0    0
      30        1        5  0.02650000   -0.56920   -1.07530    1.34860    0    0    0
      31        1        5  0.02650000   -0.00920    2.66970   -1.41330    0    0    0
      32        1        5  0.02650000   -0.02290    1.47080   -0.11620    0    0    0
      33        1        5  0.02650000    0.20240    4.50150    0.30830    0    0    0
      34        1        5  0.02650000    0.10440    3.29670    1.58870    0    0    0
      35        1        5  0.02680000    2.24860    3.43960   -0.65870    0    0    0
      36        1        5  0.02680000    2.20900    2.27670    0.66180    0    0    0
      37        1        5  0.03070000    4.70120   -0.49810    1.40710    0    0    0
      38        1        5  0.03070000    3.09840   -0.03670    0.89270    0    0    0
      39        1        5  0.02700000   -1.40740   -1.21850   -1.01530    0    0    0
      40        1        5  0.02700000   -1.71370   -2.93700   -0.80110    0    0    0
      41        1        5  0.02650000   -2.06440    3.89420   -0.48780    0    0    0
      42        1        5  0.02650000   -2.05230    4.45720    1.18000    0    0    0
      43        1        5  0.03070000    2.04690    0.40780   -1.06330    0    0    0
      44        1        5  0.03070000    2.17680    1.59660   -2.32650    0    0    0
      45        1        5  0.05690000    5.76530    0.59290   -0.46970    0    0    0
      46        1        5  0.02630000   -2.17410    1.51360    0.32800    0    0    0
      47        1        5  0.02630000   -2.16030    2.09350    1.99570    0    0    0
      48        1        5  0.05690000    4.50970    2.04150   -1.89840    0    0    0
      49        1        5  0.03770000   -3.03410   -0.68920    0.81030    0    0    0
      50        1        5  0.03770000   -3.33930   -2.42760    1.02970    0    0    0
      51        1        5  0.02300000   -4.29700    2.72310   -0.11520    0    0    0
      52        1        5  0.02300000   -4.30930    3.31730    1.55750    0    0    0
      53        1        5  0.02300000   -4.45970    1.58240    1.23060    0    0    0
      54        1        6  0.29510000   -6.05760   -1.25170   -0.88600    0    0    0