Coords

1    -0.0 11.5 1.0
2    -0.0 10.8 2.2
3    0.0 9.4 1.8
4    -0.3 9.4 0.3
5    0.0 8.2 -0.2
6    -0.0 8.1 -1.5
7    -0.0 6.9 -2.0
8    0.0 5.7 -1.4
9    0.2 4.4 -2.0
10    -0.3 4.3 -3.2
11    0.0 3.2 -1.1
12    -0.0 3.4 0.3
13    -0.0 2.3 1.1
14    0.0 1.0 0.5
15    -0.1 -0.4 1.6
16    -0.0 -1.8 0.4
17    -0.0 -3.1 1.2
18    -0.1 -4.3 0.2
19    -0.1 -5.6 1.0
20    -0.1 -6.8 0.0
21    -0.1 -8.1 0.8
22    -0.1 -9.3 -0.2
23    -0.1 -10.6 0.6
24    -0.0 -11.7 -0.4
25    -0.0 -13.1 0.4
26    -0.2 -14.4 -0.8
27    -0.0 0.8 -0.8
28    -0.0 1.9 -1.6
29    -0.0 5.8 -0.1
30    -0.0 7.0 0.4
31    0.0 10.4 -0.1
32    0.0 11.9 1.2
33    0.0 12.3 0.7
34    0.0 11.3 2.5
35    0.0 10.9 3.1
36    0.0 9.0 2.2
37    0.0 8.8 2.1
38    0.1 9.0 -2.0
39    0.1 6.8 -3.0
40    0.1 4.3 0.7
41    0.1 2.4 2.1
42    0.0 -1.8 -0.4
43    0.0 -1.7 0.0
44    0.0 -3.1 2.0
45    0.0 -3.2 1.6
46    0.0 -4.3 -0.6
47    0.0 -4.2 -0.2
48    0.0 -5.6 1.8
49    0.0 -5.7 1.4
50    0.0 -6.8 -0.8
51    0.0 -6.7 -0.4
52    0.0 -8.1 1.6
53    0.0 -8.2 1.2
54    0.0 -9.2 -1.0
55    0.0 -9.1 -0.6
56    0.0 -10.6 1.4
57    0.0 -10.7 1.0
58    0.0 -11.7 -1.2
59    0.0 -11.6 -0.8
60    0.0 -13.1 1.2
61    0.0 -13.2 0.8
62    0.1 -15.5 0.0
63    0.1 -0.2 -1.2
64    0.1 1.8 -2.7
65    0.1 4.9 0.4
66    0.1 7.1 1.4
67    0.0 10.0 -0.1
68    0.0 10.8 -1.1

Types

1    1
2    1
3    1
4    2
5    3
6    3
7    3
8    3
9    3
10    4
11    3
12    3
13    3
14    3
15    5
16    1
17    1
18    1
19    1
20    1
21    1
22    1
23    1
24    1
25    1
26    5
27    3
28    3
29    3
30    3
31    1
32    6
33    6
34    6
35    6
36    6
37    6
38    6
39    6
40    6
41    6
42    6
43    6
44    6
45    6
46    6
47    6
48    6
49    6
50    6
51    6
52    6
53    6
54    6
55    6
56    6
57    6
58    6
59    6
60    6
61    6
62    7
63    6
64    6
65    6
66    6
67    6
68    6

Charges

1    -0.0166
2    0.5888
3    0.8006
4    0.9004
5    0.6249
6    0.0155
7    -0.2577
8    0.0766
9    -0.2153
10    -0.3468
11    -0.3476
12    -0.6743
13    -0.7962
14    -0.595
15    -0.753
16    -0.4039
17    -0.5027
18    -0.2082
19    -0.3069
20    -0.0124
21    -0.1112
22    0.1833
23    0.0845
24    0.379
25    0.2803
26    0.6294
27    -0.2694
28    -0.1523
29    0.6886
30    0.9641
31    -0.1197
32    -1.0056
33    0.6393
34    1.5418
35    -0.1031
36    1.7226
37    -0.0503
38    -0.2426
39    -0.7306
40    -0.8297
41    -1.0483
42    -1.1286
43    0.601
44    0.2221
45    -1.5076
46    -0.9329
47    0.7968
48    0.4178
49    -1.3119
50    -0.7372
51    0.9925
52    0.6136
53    -1.1161
54    -0.5414
55    1.1882
56    0.8093
57    -0.9204
58    -0.3457
59    1.384
60    1.005
61    -0.7247
62    0.5088
63    -0.1141
64    0.1001
65    0.9476
66    1.4367
67    -1.1145
68    0.1094
