       1        1        1 -0.03580000   11.53730    0.99510   -0.01660    0    0    0
       2        1        1 -0.03580000   10.84250    2.23210    0.58880    0    0    0
       3        1        1  0.01220000    9.37440    1.80420    0.80060    0    0    0
       4        1        2 -0.32990000    9.42700    0.32280    0.90040    0    0    0
       5        1        3  0.02970000    8.18590   -0.23940    0.62490    0    0    0
       6        1        3 -0.04000000    8.10920   -1.48920    0.01550    0    0    0
       7        1        3 -0.04920000    6.88680   -2.04660   -0.25770    0    0    0
       8        1        3  0.02240000    5.71570   -1.35840    0.07660    0    0    0
       9        1        3  0.19310000    4.39920   -1.95500   -0.21530    0    0    0
      10        1        4 -0.28670000    4.29300   -3.15980   -0.34680    0    0    0
      11        1        3  0.02230000    3.21170   -1.09170   -0.34760    0    0    0
      12        1        3 -0.04990000    3.36110    0.26070   -0.67430    0    0    0
      13        1        3 -0.04760000    2.25900    1.05800   -0.79620    0    0    0
      14        1        3  0.00790000    0.98680    0.52620   -0.59500    0    0    0
      15        1        5 -0.12520000   -0.43260    1.55820   -0.75300    0    0    0
      16        1        1 -0.00170000   -1.80360    0.42280   -0.40390    0    0    0
      17        1        1 -0.04370000   -3.12990    1.17920   -0.50270    0    0    0
      18        1        1 -0.05230000   -4.28620    0.22150   -0.20820    0    0    0
      19        1        1 -0.05300000   -5.61250    0.97790   -0.30690    0    0    0
      20        1        1 -0.05310000   -6.76890    0.02020   -0.01240    0    0    0
      21        1        1 -0.05310000   -8.09520    0.77660   -0.11120    0    0    0
      22        1        1 -0.05300000   -9.25150   -0.18110    0.18330    0    0    0
      23        1        1 -0.05230000  -10.57790    0.57530    0.08450    0    0    0
      24        1        1 -0.04420000  -11.73420   -0.38240    0.37900    0    0    0
      25        1        1 -0.00930000  -13.06050    0.37400    0.28030    0    0    0
      26        1        5 -0.17830000  -14.43150   -0.76140    0.62940    0    0    0
      27        1        3 -0.04760000    0.83470   -0.82020   -0.26940    0    0    0
      28        1        3 -0.04990000    1.93250   -1.62410   -0.15230    0    0    0
      29        1        3 -0.04920000    5.79630   -0.10320    0.68860    0    0    0
      30        1        3 -0.04000000    7.02200    0.44590    0.96410    0    0    0
      31        1        1  0.01220000   10.43050   -0.07630   -0.11970    0    0    0
      32        1        6  0.02810000   11.93160    1.22840   -1.00560    0    0    0
      33        1        6  0.02810000   12.33710    0.65120    0.63930    0    0    0
      34        1        6  0.02810000   11.30130    2.49550    1.54180    0    0    0
      35        1        6  0.02810000   10.89570    3.07270   -0.10310    0    0    0
      36        1        6  0.04640000    8.98240    2.23360    1.72260    0    0    0
      37        1        6  0.04640000    8.76380    2.10640   -0.05030    0    0    0
      38        1        6  0.06360000    9.01380   -2.01980   -0.24260    0    0    0
      39        1        6  0.06250000    6.82800   -3.01570   -0.73060    0    0    0
      40        1        6  0.06250000    4.34690    0.67360   -0.82970    0    0    0
      41        1        6  0.06290000    2.37360    2.10190   -1.04830    0    0    0
      42        1        6  0.03800000   -1.79470   -0.39130   -1.12860    0    0    0
      43        1        6  0.03800000   -1.69140    0.01590    0.60100    0    0    0
      44        1        6  0.02730000   -3.13880    1.99330    0.22210    0    0    0
      45        1        6  0.02730000   -3.24210    1.58610   -1.50760    0    0    0
      46        1        6  0.02660000   -4.27740   -0.59260   -0.93290    0    0    0
      47        1        6  0.02660000   -4.17400   -0.18540    0.79680    0    0    0
      48        1        6  0.02650000   -5.62140    1.79200    0.41780    0    0    0
      49        1        6  0.02650000   -5.72480    1.38480   -1.31190    0    0    0
      50        1        6  0.02650000   -6.76000   -0.79390   -0.73720    0    0    0
      51        1        6  0.02650000   -6.65670   -0.38670    0.99250    0    0    0
      52        1        6  0.02650000   -8.10410    1.59070    0.61360    0    0    0
      53        1        6  0.02650000   -8.20740    1.18350   -1.11610    0    0    0
      54        1        6  0.02650000   -9.24270   -0.99510   -0.54140    0    0    0
      55        1        6  0.02650000   -9.13930   -0.58800    1.18820    0    0    0
      56        1        6  0.02660000  -10.58670    1.38940    0.80930    0    0    0
      57        1        6  0.02660000  -10.69010    0.98220   -0.92040    0    0    0
      58        1        6  0.02730000  -11.72530   -1.19640   -0.34570    0    0    0
      59        1        6  0.02730000  -11.62200   -0.78930    1.38400    0    0    0
      60        1        6  0.03740000  -13.06940    1.18810    1.00500    0    0    0
      61        1        6  0.03740000  -13.17270    0.78090   -0.72470    0    0    0
      62        1        7  0.10160000  -15.51490    0.02640    0.50880    0    0    0
      63        1        6  0.06290000   -0.15260   -1.22940   -0.11410    0    0    0
      64        1        6  0.06250000    1.81400   -2.66750    0.10010    0    0    0
      65        1        6  0.06250000    4.89410    0.43100    0.94760    0    0    0
      66        1        6  0.06360000    7.08500    1.41500    1.43670    0    0    0
      67        1        6  0.04640000    9.98520   -0.06840   -1.11450    0    0    0
      68        1        6  0.04640000   10.83380   -1.06270    0.10940    0    0    0