Run semi-empirical minimization
 &qmmm
    qm_theory='AM1', grms_tol=0.0005,
 scfconv=1.d-10, ndiis_attempts=700,   qmcharge=0,
 /
  30    Zn        0.0000        0.0000        0.0000 
  30   Zn1        1.9050        1.1000        3.1100 
  30   Zn2        1.9050        3.2990        0.0000 
  30   Zn3        3.8090        4.3990        3.1100 
  30   Zn4        3.8090        0.0000        0.0000 
  30   Zn5        5.7140        1.1000        3.1100 
  30   Zn6        5.7140        3.2990        0.0000 
  30   Zn7        7.6190        4.3990        3.1100 
  16     S        1.9050        1.1000        0.7780 
  16    S1        3.8090        2.1990        3.8880 
  16    S2        3.8090        4.3990        0.7780 
  16    S3        5.7140        5.4980        3.8880 
  16    S4        5.7140        1.1000        0.7780 
  16    S5        7.6190        2.1990        3.8880 
  16    S6        7.6190        4.3990        0.7780 
  16    S7        9.5240        5.4980        3.8880 

